L = 996.073450
L = 1001.756240
M = 1009.838320
L = 1007.055210
L = 1009.132370
L = 1007.224140
M = 1008.978080
L = 999.760590
m = 995.775650
M = 1005.698140
